{'text/plain': "{'AP': 0.39057598,
 'AP50': 0.5221556,
 'AP75': 0.45490608,
 'APs': 0.24765071,
 'APm': 0.6898592,
 'APl': 0.6401355,
 'ARmax1': 0.021352313,
 'ARmax10': 0.2119217,
 'ARmax100': 0.4163701,
 'ARs': 0.2607427,
 'ARm': 0.7245614,
 'ARl': 0.7866667,
 'AP_/label': -1.0,
 'AP_/climbing_hold': 0.39057598}"}