{'text/plain': "{'AP': 0.52801114,
 'AP50': 0.8342187,
 'AP75': 0.5720881,
 'APs': 0.44196653,
 'APm': 0.7127014,
 'APl': 0.6575063,
 'ARmax1': 0.02241993,
 'ARmax10': 0.20587188,
 'ARmax100': 0.6005338,
 'ARs': 0.5127321,
 'ARm': 0.7754386,
 'ARl': 0.81333333,
 'AP_/label': -1.0,
 'AP_/climbing_hold': 0.52801114}"}