{'text/plain': "{'AP': 0.33648214,
 'AP50': 0.4961116,
 'AP75': 0.3785436,
 'APs': 0.19117028,
 'APm': 0.633111,
 'APl': 0.5997047,
 'ARmax1': 0.020818505,
 'ARmax10': 0.19430605,
 'ARmax100': 0.3613879,
 'ARs': 0.20371352,
 'ARm': 0.6766082,
 'ARl': 0.70666665,
 'AP_/label': -1.0,
 'AP_/climbing_hold': 0.33648214}"}