{'text/plain': "{'AP': 0.36480582,
 'AP50': 0.5071582,
 'AP75': 0.42848298,
 'APs': 0.21012376,
 'APm': 0.6759067,
 'APl': 0.75484735,
 'ARmax1': 0.022241993,
 'ARmax10': 0.20729537,
 'ARmax100': 0.39021352,
 'ARs': 0.22387268,
 'ARm': 0.71695906,
 'ARl': 0.86,
 'AP_/label': -1.0,
 'AP_/climbing_hold': 0.36480582}"}