{'text/plain': "{'AP': 0.5211566,
 'AP50': 0.8004745,
 'AP75': 0.568056,
 'APs': 0.4175805,
 'APm': 0.72901905,
 'APl': 0.74534607,
 'ARmax1': 0.022597864,
 'ARmax10': 0.20871887,
 'ARmax100': 0.5911032,
 'ARs': 0.48992044,
 'ARm': 0.7894737,
 'ARl': 0.87333333,
 'AP_/label': -1.0,
 'AP_/climbing_hold': 0.5211566}"}