{'text/plain': "{'AP': 0.37148884,
 'AP50': 0.52957815,
 'AP75': 0.43367568,
 'APs': 0.23589589,
 'APm': 0.6532577,
 'APl': 0.6276683,
 'ARmax1': 0.021886121,
 'ARmax10': 0.2024911,
 'ARmax100': 0.39733097,
 'ARs': 0.24827586,
 'ARm': 0.69005847,
 'ARl': 0.78,
 'AP_/label': -1.0,
 'AP_/climbing_hold': 0.37148884}"}