{'text/plain': "{'AP': 0.28082144,
 'AP50': 0.447756,
 'AP75': 0.31311336,
 'APs': 0.15442218,
 'APm': 0.54207397,
 'APl': 0.5846207,
 'ARmax1': 0.019928826,
 'ARmax10': 0.17081851,
 'ARmax100': 0.3144128,
 'ARs': 0.17453581,
 'ARm': 0.5888889,
 'ARl': 0.70666665,
 'AP_/label': -1.0,
 'AP_/climbing_hold': 0.28082144}"}