{'text/plain': "{'AP': 0.36688063,
 'AP50': 0.6299745,
 'AP75': 0.38016248,
 'APs': 0.2575144,
 'APm': 0.58892274,
 'APl': 0.6410678,
 'ARmax1': 0.020284697,
 'ARmax10': 0.17224199,
 'ARmax100': 0.45017794,
 'ARs': 0.33687,
 'ARm': 0.67134506,
 'ARl': 0.76666665,
 'AP_/label': -1.0,
 'AP_/climbing_hold': 0.36688063}"}