{'text/plain': "{'AP': 0.57953405,
 'AP50': 0.85734445,
 'AP75': 0.6351488,
 'APs': 0.48923826,
 'APm': 0.7688668,
 'APl': 0.7227164,
 'ARmax1': 0.022064056,
 'ARmax10': 0.21316727,
 'ARmax100': 0.65355873,
 'ARs': 0.5618037,
 'ARm': 0.8350877,
 'ARl': 0.9,
 'AP_/label': -1.0,
 'AP_/climbing_hold': 0.57953405}"}